[gd_scene load_steps=3 format=3 uid="uid://dxphfml0vx017"]

[ext_resource type="PackedScene" uid="uid://eteh41schqa3" path="res://TatScenes/Blocks/ExtraPieces/wide_slide_ramp_low.tscn" id="1_6wfmi"]
[ext_resource type="PackedScene" uid="uid://bxvqwixeooeg1" path="res://TatScenes/Blocks/RegularPieces/5x5.tscn" id="2_ahi7q"]

[node name="WideSlide_ramp_far" instance=ExtResource("1_6wfmi")]

[node name="5x8" parent="." index="6"]
transform = Transform3D(1, -2.29495e-16, 3.27752e-16, 3.27752e-16, 0.939693, -0.34202, -2.29495e-16, 0.34202, 0.939693, 0.01, 0.521061, 24.3987)

[node name="5x10" parent="." index="8"]
transform = Transform3D(1, -3.48787e-16, 3.48787e-16, 3.48787e-16, 1, -3.48787e-16, -3.48787e-16, 3.48787e-16, 1, 0.01, -2.27557, 39.6847)

[node name="5x12" parent="." index="11"]
transform = Transform3D(1, -1.24591e-16, 2.67186e-16, 2.67186e-16, 0.766044, -0.642788, -1.24591e-16, 0.642788, 0.766044, 10.01, 8.84, 10.1)

[node name="5x14" parent="." index="13"]
transform = Transform3D(1, -2.29495e-16, 3.27752e-16, 3.27752e-16, 0.939693, -0.34202, -2.29495e-16, 0.34202, 0.939693, 10.01, 0.521, 24.399)

[node name="5x16" parent="." index="15"]
transform = Transform3D(1, -3.48787e-16, 3.48787e-16, 3.48787e-16, 1, -3.48787e-16, -3.48787e-16, 3.48787e-16, 1, 10.01, -2.27557, 39.6847)

[node name="5x19" parent="." index="18" instance=ExtResource("2_ahi7q")]
transform = Transform3D(1, -4.96191e-16, 3.16108e-16, 3.16109e-16, 0.906308, 0.422618, -4.96191e-16, -0.422618, 0.906308, 0.01, 2.28933, 55.4024)

[node name="5x20" parent="." index="19" instance=ExtResource("2_ahi7q")]
transform = Transform3D(1, -4.96191e-16, 3.16108e-16, 3.16109e-16, 0.906308, 0.422618, -4.96191e-16, -0.422618, 0.906308, 10.01, 2.28933, 55.4024)
