[gd_scene load_steps=2 format=3 uid="uid://cerun4enyhtm1"]

[ext_resource type="PackedScene" uid="uid://cq64jd86rh3q5" path="res://TatScenes/Blocks/RegularPieces/2x2.tscn" id="1_nfy2h"]

[node name="2xTunnelWide" type="Node3D"]

[node name="2x2" parent="." instance=ExtResource("1_nfy2h")]

[node name="2x3" parent="." instance=ExtResource("1_nfy2h")]
transform = Transform3D(0.866025, -0.5, 3.48787e-16, 0.5, 0.866025, -3.48787e-16, -1.27665e-16, 4.76452e-16, 1, 3.25, 0.88, 0.01)

[node name="2x4" parent="." instance=ExtResource("1_nfy2h")]
transform = Transform3D(0.866025, 0.5, 3.48787e-16, -0.5, 0.866025, -3.48787e-16, -4.76452e-16, 1.27665e-16, 1, -3.25, 0.88, 0.01)

[node name="2x5" parent="." instance=ExtResource("1_nfy2h")]
transform = Transform3D(0.5, -0.866025, 3.48787e-16, 0.866025, 0.5, -3.48787e-16, 1.27665e-16, 4.76452e-16, 1, 5.6, 3.25, 2.08165e-12)

[node name="5_10" parent="." instance=ExtResource("1_nfy2h")]
transform = Transform3D(-0.5, 0.866025, -8.74228e-08, 0.866025, 0.5, -3.48787e-16, 4.37114e-08, -7.57103e-08, -1, -5.6, 3.25, 2.08165e-12)
