[gd_scene load_steps=3 format=3 uid="uid://c8cgyxjjmsxgj"]

[ext_resource type="PackedScene" uid="uid://cerun4enyhtm1" path="res://TatScenes/Blocks/TunnelsAndHalfpipes/2xHalfpipe.tscn" id="1_ywnxx"]
[ext_resource type="PackedScene" uid="uid://cq64jd86rh3q5" path="res://TatScenes/Blocks/RegularPieces/2x2.tscn" id="2_tg484"]

[node name="2xTunnelWide" instance=ExtResource("1_ywnxx")]

[node name="2x6" parent="." index="5" instance=ExtResource("2_tg484")]
transform = Transform3D(0.999999, 0, -0.00136136, 0, 1, 0, 0.00136136, 0, 0.999999, 2.08165e-12, 2.08165e-12, -3.99)

[node name="2x7" parent="." index="6" instance=ExtResource("2_tg484")]
transform = Transform3D(0.866025, -0.5, 3.48787e-16, 0.5, 0.866025, -3.48787e-16, -1.27665e-16, 4.76452e-16, 1, 3.25, 0.88, -4)

[node name="2x8" parent="." index="7" instance=ExtResource("2_tg484")]
transform = Transform3D(0.866025, 0.5, 3.48787e-16, -0.5, 0.866025, -3.48787e-16, -4.76452e-16, 1.27665e-16, 1, -3.25, 0.88, -4)

[node name="2x9" parent="." index="8" instance=ExtResource("2_tg484")]
transform = Transform3D(0.5, -0.866025, 3.48787e-16, 0.866025, 0.5, -3.48787e-16, 1.27665e-16, 4.76452e-16, 1, 5.6, 3.25, -3.99)

[node name="5_11" parent="." index="9" instance=ExtResource("2_tg484")]
transform = Transform3D(-0.5, 0.866025, -8.74228e-08, 0.866025, 0.5, -3.48787e-16, 4.37114e-08, -7.57103e-08, -1, -5.58031, 3.25, -3.99)
